199281
665743
205609
590840
706334
833706
586227
762898
402257
518247
734252
770856
291084
309291
704193
176001
887627
356868
672886
175650
241321
841201
192771
374379
184395
666561
808718
342911
840302
745386
350825
662027
341507
358952
520801
520204
426486
677101
773160
209243
240864
343456
521956
524620
532138
538677
557668
795655
809941
824181
830602
839157
930615
193329
362488
399253
401251
558175
791473
799991
819248
863399
205184
397834
497797
848725
333203
364669
198477
495034
671260
361458
668647
699304
201202
248679
224368
281083
519721
627591
315104
364656
370790
573309
639446
652753
342818
810418
418733
529488
837185
763745
308168
337818
187272
737781
349443
779479
744795
186726
587739
742481
304544
416676
612837
671693
749280
210699
346279
765599
876615
181667
629276
736419
685992
184591
307410
363751
371871
639867
201810
261093
463137
175363
198162
198999
204207
259380
365771
568692
587548
205251
205439
219735
300477
332075
380021
558490
633445
641419
174853
336645
556664
834596
875985
908220
929310
179553
220553
223151
286655
369597
568949
576074
815379
830268
202503
246751
246811
258140
353543
449484
525841
623399
310757
346570
502725
721818
736268
744098
865528
894074
921106
218943
408404
500565
666534
727465
206135
212114
236344
614375
775999
231047
662949
716927
239221
611566
880768
374395
684606
698309
174281
175464
195546
366094
397702
579075
672211
804667
814993
896691
578453
670713
805676
344726
613738
644611
814674
267612
395666
413349
689359
731830
801304
397033
621204
682293
911301
175545
301710
843548
701326
324375
417405
647171
932687
392408
588263
472848
681201
751636
222112
248996
437630
667755
568680
747566
792592
889996
215318
348375
392283
931749
383384
388822
418748
507374
249345
359697
404570
211594
772769
806398
914827
882840
315871
785201
652067
177054
456932
586563
861260
901489
179268
406621
834895
715332
313513
531555
584534
188743
587820
693993
652468
899421
281210
550590
183371
195933
209491
216784
217419
221483
239975
240931
256247
274475
279216
287209
289373
298503
306824
310650
320377
326181
328990
336997
354929
357605
380463
380593
396299
402635
405193
420845
428026
434680
461318
508914
518439
523552
546649
548485
553771
576778
577614
593034
606509
610536
613723
627500
639636
654887
664559
675160
691904
697107
719839
722234
723105
740562
741240
756973
762001
776518
777021
778877
780096
781184
792556
800051
812121
826762
831590
831668
833159
842161
853928
867770
873131
876590
893964
895124
910086
915022
178861
292965
295299
313594
313804
326882
343313
343326
347405
355100
358793
362368
370559
405742
493885
533471
534743
538509
545204
556384
568417
590493
590988
610650
626468
633550
641134
663704
670268
696905
709505
727761
731288
761339
764259
766424
771379
777598
781445
783424
784982
786126
786243
793644
795731
804784
806251
830079
841150
844361
879803
886108
886738
916799
927208
851644
262843
341308
361695
373232
395999
478688
519990
530197
656729
703007
724153
741984
748322
752586
799152
800546
900628
176589
396369
443322
550513
573134
631672
646283
704577
729942
741789
867717
197390
222299
282144
374583
415811
473355
507574
529853
578095
591291
597615
616057
635444
652698
708485
750442
753627
774035
798515
919291
294972
311959
313837
513459
519979
589056
619969
714332
771494
793751
793789
795921
796873
850237
180616
180955
215280
220137
241290
266968
365476
389114
439137
592307
612049
623654
708371
720259
730141
755336
786491
798856
294263
343162
372150
393509
405864
445463
454515
508969
534395
541106
553588
590301
708570
739270
739365
742150
821690
826263
836532
901955
181800
197421
237787
245535
299522
312336
351036
475571
633221
637384
640792
691290
718813
754589
779263
796779
871569
880397
892782
901429
923429
180630
221309
234940
248417
558999
559314
616115
630931
687168
690036
732740
761003
778918
908859
189323
212577
228805
267618
281745
296603
314984
319528
334606
447733
504141
599594
738696
740254
759762
823668
824491
890757
917034
217134
244625
500388
516087
516765
631835
693622
703603
743582
747207
851274
267952
311156
508992
525655
602080
717776
797532
827551
218455
342159
366752
646166
659998
721760
813292
834668
844151
926233
443701
536501
580255
609874
743376
779076
205834
302851
447211
819275
459007
688484
695626
908433
263765
446032
632047
392578
769041
391807
648532
702202
728260
414980
622819
682866
834960
873047
286681
370108
371021
775606
835134
214379
241406
241619
360814
812159
818210
247349
319383
327894
475162
581927
713000
734185
795599
802934
271799
305827
399542
485030
690195
752941
783643
789389
821911
476612
660364
712359
738845
343795
537073
590915
683436
764119
863701
177139
205635
248372
255469
284387
349833
413189
633542
645498
652499
666681
670587
686006
718609
733141
844382
861798
258821
304200
327126
377247
414134
465351
722864
724476
765245
767576
211374
737784
742293
792850
844473
578194
607877
614652
711619
662170
679740
199075
519499
603277
175061
624921
863131
892654
511185
199934
211628
243196
259754
264342
271963
309844
320301
324682
327573
345172
356410
358829
361731
362424
387321
435429
469192
469839
474347
483317
562096
568712
587700
599200
611164
626509
627110
661599
668351
702757
707513
743305
745086
786366
801179
827791
846101
848075
879272
883299
898470
927820
179194
183836
185854
194439
202023
215554
222681
251164
258644
263807
320649
323655
326751
342073
357744
367206
382374
427690
438259
451594
472238
480903
493110
510368
512679
532190
578681
611285
620514
626501
630952
676358
685853
688729
697762
698371
703447
728354
754801
767569
771365
780964
813892
817552
835955
839313
856970
860829
869683
874375
928031
184105
191553
235706
244686
245751
251602
260639
271132
273082
281091
326502
329404
335352
346216
349591
375157
379106
387485
414606
456556
484729
500464
545009
566914
582699
619778
628371
628457
630913
641139
649508
659744
689524
697130
723764
730570
732948
734065
748753
755007
758370
763286
777085
822832
827375
839778
841770
862881
863095
869173
881889
896476
900583
922328
931899
189149
234927
235831
237370
299282
300635
302239
345344
358195
361274
366412
367165
385460
396184
399871
421923
435604
453624
471788
484395
514306
538791
567963
574225
574838
600115
618176
622160
629291
641963
660354
671424
672805
674803
724546
726769
733555
736622
741315
759250
760429
775015
820041
834681
853003
877958
879947
886440
898560
907637
908815
911535
911838
916777
186126
225716
252613
267085
287182
306375
332524
346617
368842
369467
383141
424275
452064
464990
494469
497440
515909
518974
532634
538398
542820
547264
583658
589195
590971
592529
597484
669392
718594
735229
745786
762418
787396
796451
810494
832566
833900
843870
850769
862167
863228
895586
915293
925370
928534
175670
176993
180700
357578
370911
450495
475314
485705
494672
567075
574433
584034
603832
671297
723239
726948
732871
735045
770807
781930
791364
802686
812827
815025
851297
881811
884536
889243
893027
896130
242038
284546
284898
317534
341115
358522
378239
398845
463186
510204
514335
564649
612859
705336
730528
789482
808916
857841
862202
885080
894117
909392
924111
931029
179743
250159
305837
354659
379514
389002
398514
400400
440341
541570
546397
576469
591928
615524
635952
694698
733794
754562
778458
793447
806826
838963
848014
919136
930014
187612
212542
241910
242471
270856
406153
419843
457162
471440
475436
478656
517195
530174
535970
548442
711161
740565
740805
770396
786660
812273
831384
884925
174377
229320
249824
314106
365764
368926
385380
535199
569643
595018
641800
642487
657172
739135
805759
847669
881873
269186
293377
365601
374065
399252
498207
512351
555932
569614
653715
717390
738262
799485
886466
178836
203947
365245
379061
388522
405695
603451
611786
611967
747432
753441
773194
774522
812953
854820
892379
895462
908163
316463
398100
402514
474292
543806
564194
604565
692653
739944
809917
299412
318011
423376
615690
746767
893404
894674
927590
262303
389684
507221
602492
690548
456101
506767
216863
311993
342879
379048
397818
408489
503003
532816
553140
572756
604568
658677
756565
907657
932795
395946
494738
584201
602473
626270
651909
727784
747216
774114
794676
814450
830048
832483
887836
932100
249298
309395
345304
373278
380820
403889
560854
560915
581479
633841
731517
745047
750622
776422
792493
796432
841648
180709
194143
214910
235463
241940
255000
325557
419758
748667
772140
176277
211145
240543
261047
306069
367645
573698
658771
718437
854337
186474
226456
248823
256227
266329
394112
408760
411031
493287
544204
565338
590016
602842
638100
696883
712066
733537
796531
839685
864317
903027
908652
924002
189962
361135
374015
442234
547531
636711
690865
724120
782852
339476
393760
412540
505222
592224
592235
659702
707193
783533
206175
229980
291631
384857
424369
530908
724935
778672
809358
813753
841502
641290
823352
434256
799423
818998
909026
315801
560902
580815
632674
930407
252857
702399
784452
654386
183499
291149
336883
344765
360019
387900
424287
496560
723944
749762
765885
765912
780980
784690
786523
854042
899881
216553
290430
345385
366058
442804
468810
533265
553134
561321
675993
755199
802497
821682
827367
854423
905981
930646
176365
177610
203294
207351
222433
254892
260950
364240
636484
682626
715789
763235
775468
800652
845470
849170
928783
204099
209111
218366
221127
240473
283423
290097
348246
356919
377964
700580
759037
808920
813113
175563
216904
245095
252433
262442
292685
298141
317348
322991
361143
367734
369976
402619
481168
641953
695678
925177
179531
279101
379236
394686
506997
508186
543438
571155
668916
180000
205518
220090
318571
684787
777574
234816
251494
330461
373438
922444
225386
453590
607259
800233
216634
310648
669203
521316
634599
183118
201417
261894
719461
847154
685507
921244
779178
805837
179082
205712
208667
222482
347413
360521
397183
816666
859752
908551
914981
226411
399590
907922
914805
242955
289774
374854
550146
702839
836991
214327
492594
700634
181990
196132
221408
326185
285552
611437
191859
205623
183419
365568
426245
861639
773890
920268
180348
207851
276968
177458
587490
206407
178364
179222
197002
200623
211363
219760
223321
232294
240693
246995
261293
277859
278846
292381
300043
300230
300641
300925
309387
311019
314225
328294
351214
363576
388292
389281
405406
408088
411761
415274
463176
469523
496874
524072
535723
537447
548980
551737
568408
582861
595247
599771
611913
629844
634396
673236
675055
675423
695549
734692
752626
764117
785847
791631
805168
806804
811968
817122
824552
825661
829391
834142
845228
863807
866524
875635
886165
887158
892604
892892
897459
908225
910047
915808
176396
176472
188321
190068
198796
203415
208282
208494
237972
240301
255725
266063
273610
288676
346325
361577
409507
421610
433617
493631
611441
620547
660153
708247
735629
759718
775035
776158
804039
831642
875687
876896
892023
901474
914789
237027
295558
494112
504122
696319
730901
236382
299145
544746
562419
210794
233296
266697
293016
309602
352175
378068
641667
692453
712272
745560
787644
804703
846980
174514
188102
208995
228779
270330
283868
321359
343121
361138
512644
583206
690637
918975
175841
202409
254260
268921
302717
313641
322560
324195
429113
505799
538089
624805
640621
689048
718643
837306
871066
187465
196391
200523
200839
213595
342795
360492
375920
377896
457254
473276
500140
663357
836199
908061
199614
202727
288793
417607
424339
694205
770620
898405
921061
258589
301722
307842
334738
351173
356211
365410
372314
378206
427831
486428
489218
491786
564068
565443
574943
631236
633117
700443
700525
707451
824791
836936
883850
203005
209712
252212
254181
352668
525798
623813
817714
917201
923467
188636
189739
199207
237488
272792
279730
283769
292903
306149
371490
494869
509391
535350
585255
586648
641835
706610
724811
804810
856736
873613
931350
188482
195704
203640
213919
362461
367838
429032
560640
739362
761098
854377
212689
279806
498062
500389
674114
189529
305798
374755
632594
755859
855209
886666
329177
356540
385193
534068
561303
675508
827525
835356
844183
896976
272084
289936
561471
653331
796214
384765
708065
752526
908328
224763
350856
375089
477224
906248
405152
489703
298952
605996
292913
357182
499546
517930
767673
213490
278709
465908
582652
774355
873502
275299
276935
597904
767950
210756
644360
801468
918500
181508
668199
727206
186425
209347
270935
315617
619310
662865
728280
748355
190904
357604
393201
182150
188339
286887
304653
456934
800635
192130
342334
412619
399874
194205
215410
635555
638515
780181
177697
178010
179016
191556
260416
298699
326190
327591
339714
353156
367356
385091
467243
516669
550476
601816
656587
696737
705091
719437
784517
812238
824679
842218
892295
905601
178671
194020
196486
204955
212810
220914
249213
249338
286015
299575
299934
349849
375155
417136
445041
455801
553250
615356
664934
705831
709157
718269
764647
812615
829431
843059
846404
928517
190104
205082
228629
241184
271997
272351
277565
329460
355971
404602
407660
409052
464382
470454
500386
564104
579493
580632
626373
669171
687101
706062
708436
734759
763529
775759
823007
854037
865664
876602
897659
174857
179077
199009
214002
223908
243078
244401
253593
273474
279257
290355
299434
312383
327004
336600
346334
354891
359226
377786
435352
474404
536762
548826
556805
561780
681026
693296
717256
763869
764765
840253
842485
842917
894785
180728
183129
190895
197471
199944
203075
206722
221052
279007
294164
319551
325698
326034
398952
401977
420629
421579
502107
506756
517297
526397
595965
667585
678744
698058
710865
729818
746103
761617
768889
793141
824610
825978
865527
869325
896554
927893
177185
177701
179584
226423
269309
271965
305144
425340
429477
440581
445016
458586
480612
505295
509704
553216
661096
799048
816300
828881
178251
189152
190086
193136
199464
221980
224921
313340
315956
329213
329828
363445
376737
396215
446484
490976
506659
521483
528591
584757
610633
641674
660679
706824
766361
794878
847691
192000
321656
358095
374076
463201
680177
723806
753316
753734
759167
813532
871121
177382
181619
201622
204390
227144
254510
272466
340300
401988
463495
473596
510719
805973
829053
855286
860314
890890
892715
893402
177390
187963
217793
250918
268211
300301
328491
357763
393134
521828
646416
782708
798067
810118
927902
178593
392894
571069
680694
744929
800386
842742
176860
186882
189227
226506
301940
372719
378612
630233
662652
682111
710465
747977
912244
341123
733769
829115
343080
539147
771422
417642
688903
396635
528348
408025
185713
409416
509688
706263
706962
739614
758345
796923
932047
178741
225006
273314
314883
366438
369701
430481
707437
176882
177528
189848
214053
252491
349935
380901
406192
621071
931044
204907
275279
395217
724589
896440
923900
931214
351971
361226
375811
422648
557820
577642
784198
822980
198750
200748
207113
345024
377984
579295
755527
778011
812950
221101
266418
269111
274016
333606
343318
384258
444077
455101
501737
646009
768952
842151
177748
269031
302290
580664
771116
816152
820683
882987
295438
375806
540084
739994
749226
225171
383370
198349
219386
248374
